ROOT, 1, 0
1, 2, 1
2, 3, 2
3, 4, 3
4, 5, 4
5, 6, 5
6, 7, 6
7, 8, 7
8, 9, 8
9, 10, 9
10, 11, 10
11, 12, 11
12, 13, 12
13, 14, 13
14, 15, 14
15, 16, 15
16, 17, 16
17, 18, 17
18, 19, 18
19, 20, 19
20, 21, 20
21, 22, 21
22, 23, 22
23, 24, 23
24, 25, 24
25, 26, 25
26, 27, 26
27, 28, 27
28, 29, 28
29, 30, 29
30, 31, 30
31, 32, 31
32, 33, 32
33, 34, 33
34, 35, 34
35, 36, 35
36, 37, 36
37, 38, 37
38, 39, 38
39, 40, 39
40, 41, 40
41, 42, 41
42, 43, 42
43, 44, 43
44, 45, 44
45, 46, 45
46, 47, 46
47, 48, 47
48, 49, 48
49, 50, 49
50, 51, 50
51, 52, 51
52, 53, 52
53, 54, 53
54, 55, 54
55, 56, 55
56, 57, 56
57, 58, 57
58, 59, 58
59, 60, 59
60, 61, 60
61, 62, 61
62, 63, 62
63, 64, 63
64, 65, 64
65, 66, 65
66, 67, 66
67, 68, 67
68, 69, 68
69, 70, 69
70, 71, 70
71, 72, 71
72, 73, 72
73, 74, 73
74, 75, 74
75, 76, 75
76, 77, 76
77, 78, 77
78, 79, 78
79, 80, 79
80, 81, 80
81, 82, 81
82, 83, 82
83, 84, 83
84, 85, 84
85, 86, 85
86, 87, 86
87, 88, 87
88, 89, 88
89, 90, 89
90, 91, 90
91, 92, 91
92, 93, 92
93, 94, 93
94, 95, 94
95, 96, 95
96, 97, 96
97, 98, 97
98, 99, 98
99, 100, 99
100, 101, 100
101, 102, 101
102, 103, 102
103, 104, 103
104, 105, 104
105, 106, 105
106, 107, 106
107, 108, 107
108, 109, 108
109, 110, 109
110, 111, 110
111, 112, 111
112, 113, 112
113, 114, 113
114, 115, 114
115, 116, 115
116, 117, 116
117, 118, 117
118, 119, 118
119, 120, 119
120, 121, 120
121, 122, 121
122, 123, 122
123, 124, 123
124, 125, 124
125, 126, 125
126, 127, 126
127, 128, 127
128, 129, 128
129, 130, 129
130, 131, 130
131, 132, 131
132, 133, 132
133, 134, 133
134, 135, 134
135, 136, 135
136, 137, 136
137, 138, 137
138, 139, 138
139, 140, 139
140, 141, 140
141, 142, 141
142, 143, 142
143, 144, 142
144, 145, 143
145, 146, 144
146, 147, 145
147, 148, 146
148, 149, 147
149, 150, 148
150, 151, 149
151, 152, 150
152, 153, 151
153, 154, 152
154, 155, 153
155, 156, 154
156, 157, 155
157, 158, 156
158, 159, 157
159, 160, 158
160, 161, 159
161, 162, 160
162, 163, 161
163, 164, 162
164, 165, 163
165, 166, 164
166, 167, 165
167, 168, 166
168, 169, 167
169, 170, 168
170, 171, 169
171, 172, 170
172, 173, 171
173, 174, 172
174, 175, 173
175, 176, 174
176, 177, 175
177, 178, 176
178, 179, 177
179, 180, 178
180, 181, 179
181, 182, 180
182, 183, 181
183, 184, 182
184, 185, 183
185, 186, 184
186, 187, 185
187, 188, 186
188, 189, 187
189, 190, 188
190, 191, 189
191, 192, 190
192, 193, 191
193, 194, 192
194, 195, 193
195, 196, 194
196, 197, 195
197, 198, 196
198, 199, 197
199, 200, 198
200, 201, 199
201, 202, 200
202, 203, 201
203, 204, 202
204, 205, 203
205, 206, 204
206, 207, 205
207, 208, 206
208, 209, 207
209, 210, 208
210, 211, 209
211, 212, 210
212, 213, 211
213, 214, 212
214, 215, 213
215, 216, 214
216, 217, 215
217, 218, 216
218, 219, 217
219, 220, 218
220, 221, 219
221, 222, 220
222, 223, 221
223, 224, 222
224, 225, 223
225, 226, 224
226, 227, 225
227, 228, 226
228, 229, 227
229, 230, 228
230, 231, 229
231, 232, 230
232, 233, 231
233, 234, 232
234, 235, 233
235, 236, 234
236, 237, 235
237, 238, 236
238, 239, 237
239, 240, 238
240, 241, 238
241, 242, 239
242, 243, 240
243, 244, 241
244, 245, 242
245, 246, 243
246, 247, 244
247, 248, 245
248, 249, 246
249, 250, 247
250, 251, 248
251, 252, 249
252, 253, 250
253, 254, 251
254, 255, 252
255, 256, 253
256, 257, 254
257, 258, 255
258, 259, 256
259, 260, 257
260, 261, 258
261, 262, 259
262, 263, 260
263, 264, 261
264, 265, 262
265, 266, 263
266, 267, 264
267, 268, 265
268, 269, 266
269, 270, 267
270, 271, 268
271, 272, 269
272, 273, 270
273, 274, 271
274, 275, 272
275, 276, 273
276, 277, 274
277, 278, 275
278, 279, 276
279, 280, 277
280, 281, 278
281, 282, 279
282, 283, 280
283, 284, 281
284, 285, 282
285, 286, 283
286, 287, 284
287, 288, 285
288, 289, 286
289, 290, 287
290, 291, 288
291, 292, 289
292, 293, 290
293, 294, 291
294, 295, 292
295, 296, 293
296, 297, 294
297, 298, 295
298, 299, 296
299, 300, 297
300, 301, 298
301, 302, 299
302, 303, 300
303, 304, 301
304, 305, 302
305, 306, 303
306, 307, 304
307, 308, 305
308, 309, 306
309, 310, 307
310, 311, 308
311, 312, 309
312, 313, 310
313, 314, 311
314, 315, 312
315, 316, 313
316, 317, 314
317, 318, 315
318, 319, 316
319, 320, 317
320, 321, 318
321, 322, 319
322, 323, 320
323, 324, 321
324, 325, 322
325, 326, 323
326, 327, 324
327, 328, 325
328, 329, 326
329, 330, 326
330, 331, 327
331, 332, 328
332, 333, 329
333, 334, 330
334, 335, 331
335, 336, 331
336, 337, 332
337, 338, 333
338, 339, 334
339, 340, 335
340, 341, 336
341, 342, 337
342, 343, 337
343, 344, 338
344, 345, 339
345, 346, 340
346, 347, 340
347, 348, 341
348, 349, 342
349, 350, 343
350, 351, 344
351, 352, 345
352, 353, 346
353, 354, 347
354, 355, 348
355, 356, 349
356, 357, 350
357, 358, 351
358, 359, 352
359, 360, 353
360, 361, 354
361, 362, 355
362, 363, 356
363, 364, 357
364, 365, 358
365, 366, 359
366, 367, 360
367, 368, 361
368, 369, 362
369, 370, 363
370, 371, 364
371, 372, 365
372, 373, 366
373, 374, 367
374, 375, 368
375, 376, 369
376, 377, 370
377, 378, 371
378, 379, 372
379, 380, 373
380, 381, 374
381, 382, 375
382, 383, 376
383, 384, 377
384, 385, 378
385, 386, 379
386, 387, 380
387, 388, 381
388, 389, 382
389, 390, 383
390, 391, 384
391, 392, 385
392, 393, 386
393, 394, 387
394, 395, 388
395, 396, 389
396, 397, 390
397, 398, 391
398, 399, 392
399, 400, 393
400, 401, 394
401, 402, 395
402, 403, 396
403, 404, 397
404, 405, 398
405, 406, 399
406, 407, 400
407, 408, 401
408, 409, 402
409, 410, 403
410, 411, 404
411, 412, 405
412, 413, 406
413, 414, 407
414, 415, 408
415, 416, 409
416, 417, 410
417, 418, 411
418, 419, 412
